
P-R and F1 for fold 0
Precision: [0.85880916 0.8842254 ]
Recall: [0.88818324 0.85398253]
F1_score: [0.87324925 0.86884087]

P-R and F1 for fold 1
Precision: [0.60520787 0.73660541]
Recall: [0.83785614 0.45344753]
F1_score: [0.70277843 0.56133957]

P-R and F1 for fold 2
Precision: [0.74836069 0.70366078]
Recall: [0.67435439 0.77324641]
F1_score: [0.70943272 0.7368143 ]

P-R and F1 for fold 3
Precision: [0.78175453 0.79577247]
Recall: [0.80073052 0.77645614]
F1_score: [0.79112875 0.78599565]
