
P-R and F1 for fold 0
Precision: [0.8563364  0.79009026]
Recall: [0.76857274 0.87106282]
F1_score: [0.81008445 0.82860304]

P-R and F1 for fold 1
Precision: [0.74758747 0.86023094]
Recall: [0.88613413 0.70080807]
F1_score: [0.81098612 0.77237888]

P-R and F1 for fold 2
Precision: [0.59081833 0.63829411]
Recall: [0.71324211 0.50603331]
F1_score: [0.64628371 0.56452039]

P-R and F1 for fold 3
Precision: [0.76681237 0.77873595]
Recall: [0.78357193 0.76171579]
F1_score: [0.77510157 0.77013184]
