
P-R and F1 for fold 0
Precision: [0.61899909 0.7412837 ]
Recall: [0.82909534 0.48968249]
F1_score: [0.70880635 0.5897703 ]

P-R and F1 for fold 1
Precision: [0.77448561 0.69601395]
Recall: [0.64531228 0.8120989 ]
F1_score: [0.70402285 0.74958869]

P-R and F1 for fold 2
Precision: [0.79878611 0.78600885]
Recall: [0.78133333 0.80318246]
F1_score: [0.78996334 0.79450286]

P-R and F1 for fold 3
Precision: [0.88370668 0.88996855]
Recall: [0.89085691 0.88276779]
F1_score: [0.88726739 0.88635355]
