
P-R and F1 for fold 0
Precision: [0.7884189  0.82748777]
Recall: [0.8384292  0.77499965]
F1_score: [0.81265538 0.80038411]
