
P-R and F1 for fold 0
Precision: [0.93072952 0.90118253]
Recall: [0.89767089 0.93319111]
F1_score: [0.91390135 0.91690756]

P-R and F1 for fold 1
Precision: [0.80125591 0.80069268]
Recall: [0.80050526 0.8014428 ]
F1_score: [0.80088041 0.80106757]

P-R and F1 for fold 2
Precision: [0.83337306 0.71322347]
Recall: [0.65018596 0.87      ]
F1_score: [0.73046971 0.78384945]

P-R and F1 for fold 3
Precision: [0.62200724 0.74082286]
Recall: [0.82569535 0.49822632]
F1_score: [0.70952209 0.5957753 ]
