
P-R and F1 for fold 0
Precision: [0.79413972 0.8057086 ]
Recall: [0.80945397 0.79017137]
F1_score: [0.80172372 0.79786435]
