
P-R and F1 for fold 0
Precision: [0.61655684 0.73229438]
Recall: [0.82110877 0.48934565]
F1_score: [0.70428092 0.58666229]

P-R and F1 for fold 1
Precision: [0.80043977 0.78485984]
Recall: [0.77913411 0.80575088]
F1_score: [0.78964325 0.79516817]

P-R and F1 for fold 2
Precision: [0.76447033 0.69025951]
Recall: [0.63970877 0.80290946]
F1_score: [0.69654701 0.74233513]

P-R and F1 for fold 3
Precision: [0.87443842 0.8718692 ]
Recall: [0.87142546 0.87487325]
F1_score: [0.87292934 0.87336864]
