
P-R and F1 for fold 0
Precision: [0.6248303  0.51183891]
Recall: [0.10819649 0.93503668]
F1_score: [0.18445287 0.66154707]

P-R and F1 for fold 1
Precision: [0.53796395 0.54722285]
Recall: [0.59644494 0.48773513]
F1_score: [0.56569704 0.51576936]

P-R and F1 for fold 2
Precision: [0.59855065 0.519593  ]
Recall: [0.1985193 0.8668531]
F1_score: [0.29815164 0.64973431]

P-R and F1 for fold 3
Precision: [0.49982203 0.48089292]
Recall: [0.99037196 0.0089193 ]
F1_score: [0.66435609 0.01751376]
